lastAccountName: 2gingey
timestamps:
  login: 1586415274440
  logout: 1586417898378
ipAddress: 72.203.88.150
logoutlocation:
  world: world
  x: 289.52144267744234
  y: 70.0
  z: 199.92480449917068
  yaw: 32.063232
  pitch: 14.099819
money: '10000'
nickname: §cTheLorax
