lastAccountName: Captain_chopper
timestamps:
  login: 1586421181586
  lastteleport: 1586421713215
  logout: 1586422067372
ipAddress: 66.8.237.159
lastlocation:
  world: bskyblock_world
  x: 0.8000804677194568
  y: 79.5
  z: -2.764681585191261
  yaw: -12.012268
  pitch: 16.199926
logoutlocation:
  world: world
  x: 179.87189005287667
  y: 10.0
  z: 4.669588704670292
  yaw: -154.88853
  pitch: 13.500143
money: '10000'
