spawns: 
  default: 
    world: bskyblock_world
    x: 0.46058007555490765
    y: 80.0
    z: 0.40403338442164616
    yaw: -90.0058
    pitch: 1.0498537
