world: world
x: 234.02279528081593
y: 71.0
z: 91.01586080966861
yaw: -87.40939
pitch: 17.550001
name: town
lastowner: 925a16de-febf-463d-a68c-e50fd6163c39
